                0
               01
              010
             0101
            01010
           010101
          0101010
         01010101
        010101010
       0101010101
      01010101010
     010101010101
    0101010101010
   01010101010101
  010101010101010
 0101010101010101
01010101010101010
                  0
                 01
                010
               0101
              01010
             010101
            0101010
           01010101
          010101010
         0101010101
        01010101010
       010101010101
      0101010101010
     01010101010101
    010101010101010
   0101010101010101
  01010101010101010
 010101010101010101
0101010101010101010
  0
 01
010
                       0
                      01
                     010
                    0101
                   01010
                  010101
                 0101010
                01010101
               010101010
              0101010101
             01010101010
            010101010101
           0101010101010
          01010101010101
         010101010101010
        0101010101010101
       01010101010101010
      010101010101010101
     0101010101010101010
    01010101010101010101
   010101010101010101010
  0101010101010101010101
 01010101010101010101010
010101010101010101010101
 0
01
       0
      01
     010
    0101
   01010
  010101
 0101010
01010101
       0
      01
     010
    0101
   01010
  010101
 0101010
01010101
 0
01
                0
               01
              010
             0101
            01010
           010101
          0101010
         01010101
        010101010
       0101010101
      01010101010
     010101010101
    0101010101010
   01010101010101
  010101010101010
 0101010101010101
01010101010101010
                         0
                        01
                       010
                      0101
                     01010
                    010101
                   0101010
                  01010101
                 010101010
                0101010101
               01010101010
              010101010101
             0101010101010
            01010101010101
           010101010101010
          0101010101010101
         01010101010101010
        010101010101010101
       0101010101010101010
      01010101010101010101
     010101010101010101010
    0101010101010101010101
   01010101010101010101010
  010101010101010101010101
 0101010101010101010101010
01010101010101010101010101
  0
 01
010
  0
 01
010
        0
       01
      010
     0101
    01010
   010101
  0101010
 01010101
010101010
             0
            01
           010
          0101
         01010
        010101
       0101010
      01010101
     010101010
    0101010101
   01010101010
  010101010101
 0101010101010
01010101010101
     0
    01
   010
  0101
 01010
010101
                0
               01
              010
             0101
            01010
           010101
          0101010
         01010101
        010101010
       0101010101
      01010101010
     010101010101
    0101010101010
   01010101010101
  010101010101010
 0101010101010101
01010101010101010
                      0
                     01
                    010
                   0101
                  01010
                 010101
                0101010
               01010101
              010101010
             0101010101
            01010101010
           010101010101
          0101010101010
         01010101010101
        010101010101010
       0101010101010101
      01010101010101010
     010101010101010101
    0101010101010101010
   01010101010101010101
  010101010101010101010
 0101010101010101010101
01010101010101010101010
                       0
                      01
                     010
                    0101
                   01010
                  010101
                 0101010
                01010101
               010101010
              0101010101
             01010101010
            010101010101
           0101010101010
          01010101010101
         010101010101010
        0101010101010101
       01010101010101010
      010101010101010101
     0101010101010101010
    01010101010101010101
   010101010101010101010
  0101010101010101010101
 01010101010101010101010
010101010101010101010101
     0
    01
   010
  0101
 01010
010101
        0
       01
      010
     0101
    01010
   010101
  0101010
 01010101
010101010
   0
  01
 010
0101
             0
            01
           010
          0101
         01010
        010101
       0101010
      01010101
     010101010
    0101010101
   01010101010
  010101010101
 0101010101010
01010101010101
         0
        01
       010
      0101
     01010
    010101
   0101010
  01010101
 010101010
0101010101
              0
             01
            010
           0101
          01010
         010101
        0101010
       01010101
      010101010
     0101010101
    01010101010
   010101010101
  0101010101010
 01010101010101
010101010101010
            0
           01
          010
         0101
        01010
       010101
      0101010
     01010101
    010101010
   0101010101
  01010101010
 010101010101
0101010101010
