N 30 X-666
963 8395 3587 763 7381 5484 6306 397 4892 5089 7034 322 2273 697 7071 7479 9583 6094 8711 7532 2040 9141 9431 7640 737 8491 8605 10 4091 18
A-0000000
A=00000000000000000000000000000 13423

65 516
5519 7993 9179 5826 7781 5672 6387 855 5461 6788 3310 8840 4562 8767 3372 9140 4870 1373 598 1806 4437 1444 9591 6581 1479 2972 1737 8104 7743 7738 5027 4845 7314 4208 2254 5096 1463 8642 7534 6924 7013 845 7347 1577 9612 720 718 4484 3676 1317 7872 9695 4343 9046 7859 7404 2020 9596 5510 9763 8918 2120 4609 6233 6328
0000000000000000000000000000000000000000000000000000000000000000 5737

N=33 X=937
9373 7089 448 7880 4103 1293 5229 7262 2488 5949 7981 8554 1208 881 6427 905 6806 5475 8764 4211 7495 9944 9721 8841 8863 3425 5033 5097 9753 3480 8010 9128 2152
A=00000000000000000000000000000000 12644