26866639800
554400
3009520800
1454191200
6986450387280
3498
223965
192
26495700
308375760
7582885200
16830
5947547580
255780
67150359876600
17478300
382432
2370087442800
1963199700
127179360
43544135735100
2480
121750200
26532225720
17571066240
900
738181080
43495452000
112
207811074240
9252055440
72727200
34733500540200
2028319413120
28183650
60
397687038060
5945031543360
22770
182000
344787347520
37611951899400
144963000
2190969984883680
1374619526280
39221130
1461918416868000
342
96544800
31808700
944461425600
479456166789600
105376255452000
34400948400
30718800
18255035591100
954
1669939571909700
7191281520
469319760
256363380
1008
1110420511200
127440
672672
32752940220
46755028320
13533319800
32997888
322271040
3329627620819500
1862340480
3797950048200
228974079840
463680
836136
104266562400
7920
352861185600
3456
687935315760
50175840
892080
17666649000
212693841360
181734960
84928586400
1134917037000
1110934440
4707687600
600620160
5113328220
121068
118944
463634066062440
650360880
143577
22702680
8290800
5910297120
