100
13
39 3 75 72 37 65 66 42 33 78 31 7 13 
5
9 63 36 55 32 
8
37 78 79 50 15 18 33 4 
10
6 36 43 33 80 56 45 61 28 28 
13
3 5 17 74 1 71 58 76 7 80 14 38 52 
3
2 22 53 
3
35 79 27 
2
6 32 
5
74 62 28 44 15 
11
80 22 4 74 15 11 5 24 42 15 41 
11
31 5 40 54 5 29 24 45 80 71 25 
3
17 66 55 
9
3 68 19 20 61 34 43 26 78 
7
30 58 10 18 3 4 35 
15
65 24 79 46 54 44 53 35 45 8 14 40 36 43 63 
7
14 41 50 28 58 4 30 
4
38 8 37 68 
15
18 27 14 72 58 20 33 47 7 34 41 5 80 17 24 
7
7 21 50 76 22 54 71 
12
2 42 74 44 1 11 21 6 28 40 62 6 
13
41 22 52 10 53 13 3 36 59 7 29 50 33 
2
40 31 
11
13 8 66 45 22 24 13 50 4 52 43 
7
51 36 71 65 61 24 11 
8
67 79 80 52 70 20 57 56 
3
60 75 5 
7
15 29 56 29 27 26 37 
10
80 65 17 21 71 45 8 33 75 80 
2
7 56 
12
74 62 6 38 48 21 7 12 55 70 57 43 
6
46 61 43 18 71 40 
8
37 10 75 52 35 28 27 52 
14
14 19 10 50 28 23 28 33 79 63 15 34 2 61 
12
56 65 61 16 79 39 30 7 32 73 10 44 
5
62 15 29 22 57 
2
15 6 
13
53 15 53 20 79 29 76 78 76 68 20 13 13 
13
2 13 3 64 67 69 56 5 64 43 79 1 3 
5
66 69 18 3 11 
5
7 16 50 26 65 
12
58 27 69 8 80 74 7 49 27 8 11 1 
10
36 20 71 61 58 43 53 73 53 9 
15
59 72 63 50 3 60 59 52 39 56 8 12 1 56 52 
12
57 23 24 78 31 58 33 5 8 73 56 53 
13
55 23 6 9 70 43 56 70 28 49 29 60 19 
5
79 6 13 67 19 
15
80 39 28 28 6 6 59 13 32 49 29 74 57 25 53 
3
57 38 3 
8
53 46 44 44 2 18 3 25 
9
55 21 50 27 30 36 12 51 25 
12
22 62 48 43 20 1 71 77 60 36 54 25 
13
49 79 7 56 56 32 68 65 28 71 33 46 50 
15
75 57 78 23 41 32 71 80 18 59 12 45 16 72 18 
8
50 54 58 71 5 35 17 13 
10
15 46 7 46 2 30 53 21 24 72 
9
42 59 76 29 75 5 11 73 74 
2
9 53 
13
51 62 71 50 23 7 76 43 5 10 36 18 29 
6
37 67 45 34 72 79 
13
4 52 45 29 58 7 2 12 7 76 78 16 76 
9
13 28 37 4 52 47 18 65 7 
3
16 42 2 
15
8 32 13 44 53 14 54 19 36 20 68 18 6 42 15 
3
72 80 59 
7
3 32 7 66 78 4 6 
13
9 59 27 77 44 4 3 10 39 28 79 33 14 
8
28 22 43 31 13 6 73 20 
14
25 33 65 11 36 39 77 21 58 65 37 2 63 2 
8
62 27 63 64 66 33 12 44 
8
65 49 42 78 68 40 70 31 
15
29 47 5 25 38 55 2 42 73 17 23 70 75 12 39 
10
44 9 64 52 4 63 32 76 57 51 
15
11 40 61 42 76 11 54 40 40 21 71 70 72 60 74 
10
17 57 71 44 17 31 76 61 8 48 
8
23 4 60 30 36 15 56 63 
3
72 79 49 
10
9 52 18 13 80 63 77 37 69 17 
3
66 80 10 
15
32 14 36 55 56 64 48 37 4 47 4 4 61 55 7 
2
64 27 
14
29 46 49 42 2 3 23 67 40 68 77 66 77 12 
5
78 44 43 32 34 
6
59 14 70 9 3 56 
15
37 44 33 35 14 21 6 77 74 75 53 40 70 26 74 
13
28 27 8 65 55 5 47 49 14 46 48 33 14 
6
2 73 23 41 40 44 
15
20 37 57 18 80 35 76 47 32 5 51 34 7 24 48 
10
25 30 47 71 31 36 53 6 69 18 
9
35 60 44 11 61 73 56 9 15 
9
50 48 74 56 54 36 51 22 25 
8
58 16 14 21 30 7 46 67 
13
5 13 37 78 59 9 77 7 78 36 59 21 33 
3
19 59 36 
4
72 42 1 59 
14
74 28 37 65 79 61 13 29 7 34 60 23 3 9 
6
46 72 45 38 65 53 
3
21 53 43 
6
52 49 5 44 33 27 
6
40 47 4 49 7 75 
12
53 5 37 10 40 46 15 39 78 42 56 35 
